eval_accuracy = 0.6554968
eval_loss = 1.191792
global_step = 1563
loss = 1.1938077
